8192 16 1 1000003 13453 0.013452959641121077
8192 16 2 1000003 10768 0.010767967696096913
8192 16 4 1000003 10461 0.01046096861709415
8192 16 8 1000003 10327 0.010326969019092943
8192 32 1 1000003 10142 0.010141969574091277
8192 32 2 1000003 6714 0.006713979858060426
8192 32 4 1000003 6262 0.0062619812140563575
8192 32 8 1000003 6136 0.006135981592055224
8192 64 1 1000003 10173 0.010172969481091556
8192 64 2 1000003 4716 0.004715985852042444
8192 64 4 1000003 4097 0.0040969877090368725
8192 64 8 1000003 3926 0.003925988222035334
8192 128 1 1000003 11442 0.011441965674102978
8192 128 2 1000003 3862 0.003861988414034758
8192 128 4 1000003 3060 0.00305999082002754
8192 128 8 1000003 2846 0.002845991462025614
16384 16 1 1000003 8707 0.008706973879078362
16384 16 2 1000003 6558 0.0065579803260590215
16384 16 4 1000003 6261 0.006260981217056349
16384 16 8 1000003 6303 0.006302981091056726
16384 32 1 1000003 6460 0.00645998062005814
16384 32 2 1000003 3969 0.003968988093035721
16384 32 4 1000003 3635 0.0036349890950327147
16384 32 8 1000003 3609 0.003608989173032481
16384 64 1 1000003 5718 0.0057179828460514615
16384 64 2 1000003 2651 0.002650992047023859
16384 64 4 1000003 2305 0.0023049930850207448
16384 64 8 1000003 2167 0.002166993499019503
16384 128 1 1000003 6266 0.006265981202056394
16384 128 2 1000003 1921 0.001920994237017289
16384 128 4 1000003 1492 0.001491995524013428
16384 128 8 1000003 1371 0.0013709958870123389
32768 16 1 1000003 7478 0.007477977566067302
32768 16 2 1000003 4498 0.004497986506040482
32768 16 4 1000003 4527 0.004526986419040743
32768 16 8 1000003 4445 0.0044449866650400046
32768 32 1 1000003 5496 0.005495983512049464
32768 32 2 1000003 2567 0.002566992299023103
32768 32 4 1000003 2552 0.002551992344022968
32768 32 8 1000003 2520 0.0025199924400226797
32768 64 1 1000003 4827 0.0048269855190434426
32768 64 2 1000003 1506 0.001505995482013554
32768 64 4 1000003 1449 0.001448995653013041
32768 64 8 1000003 1418 0.001417995746012762
32768 128 1 1000003 4887 0.004886985339043983
32768 128 2 1000003 893 0.000892997321008037
32768 128 4 1000003 843 0.0008429974710075869
32768 128 8 1000003 780 0.00077999766000702
65536 16 1 1000003 4065 0.004064987805036585
65536 16 2 1000003 3584 0.003583989248032256
65536 16 4 1000003 3379 0.003378989863030411
65536 16 8 1000003 3198 0.0031979904060287817
65536 32 1 1000003 2390 0.00238999283002151
65536 32 2 1000003 2060 0.00205999382001854
65536 32 4 1000003 1893 0.001892994321017037
65536 32 8 1000003 1768 0.001767994696015912
65536 64 1 1000003 1548 0.001547995356013932
65536 64 2 1000003 1173 0.001172996481010557
65536 64 4 1000003 1019 0.001018996943009171
65536 64 8 1000003 957 0.0009569971290086129
65536 128 1 1000003 1140 0.00113999658001026
65536 128 2 1000003 675 0.000674997975006075
65536 128 4 1000003 540 0.00053999838000486
65536 128 8 1000003 509 0.000508998473004581